SN2005eq 0.73 1.32564451365 0.662822256824
SN2006D 0.57 1.13652900339 0.568264501694
SN2008gp 0.77 1.40023661771 0.700118308853
SN2008bq 0.78 1.45401504843 0.727007524215
SN2005na 0.79 1.45548972861 0.727744864304
SN2004gs 0.37 0.779123797237 0.389561898618
SN2008hv 0.49 1.08628518145 0.543142590726
SN2008ia 0.6 1.23780422193 0.618902110964
SN2004gu 0.74 1.45548972861 0.727744864304
SN2007as 0.44 0.818153189615 0.409076594808
SN2008bc 0.68 1.32564451365 0.662822256824
SN2005M 0.76 1.42655273286 0.713276366432
SN2007nq 0.44 0.975018222297 0.487509111148
SN2005am 0.58 1.2107336873 0.605366843648
SN2005hc 0.63 1.3011952879 0.650597643948
SN2005ke 0.13 0.263198505585 0.131599252792
SN2005el 0.44 0.915620745027 0.457810372513
SN2007on 0.3 0.604626594396 0.302313297198
SN2011fe 0.52 1.10358246485 0.551791232424
SN2001ba 0.58 1.08628518145 0.543142590726
SN2002dj 0.61 1.25090435967 0.625452179837
SN2002fk 0.74 1.42655273286 0.713276366432
SN2008R 0.25 0.396418558022 0.198209279011
SN2005iq 0.52 1.06839709419 0.534198547097
SN2005ki 0.51 1.03098779792 0.515493898961
SN2006bh 0.42 0.863234602883 0.431617301442
SN2007bd 0.6 1.22442436806 0.612212184028
